ProyectoFinalEquipo1/Piso8/pisoX.asc
NCOLS 800
NROWS 600
XLLCORNER 0
YLLCORNER 0
CELLSIZE 1
NODATA_VALUE -1
[rows 448 to 503 of 599, columns 672 to 767 of 800]
255 255 254 254 254 253 255 255 254 254 255 255 255 255 254 254 254 254 255 250 255 255 252 254 254 254 254 255 255 254 254 254 255 255 255 255 255 255 255 255 255 255 255 255 255 255 255 255 255 255 255 255 255 255 255 255 255 255 255 255 255 255 255 255 255 255 255 255 255 255 255 255 255 255 255 254 1 0 0 0 0 0 0 0 0 0 0 0 0 0 1 0 0 0 255 255
255 255 254 254 254 253 255 254 254 254 254 252 255 251 255 255 254 255 254 255 251 252 254 254 254 254 254 254 255 254 254 254 255 255 255 255 255 255 255 255 255 255 255 255 255 255 255 255 255 255 255 255 255 255 255 255 255 255 255 255 255 255 255 255 255 255 255 255 255 255 255 255 255 255 255 254 1 0 0 0 0 0 0 0 0 0 0 0 0 0 1 0 0 0 255 255
254 254 254 254 254 254 254 254 253 251 252 252 249 254 254 254 255 248 255 254 252 255 251 254 255 255 254 254 253 254 254 254 255 255 255 255 255 255 255 255 255 255 255 255 255 255 255 255 255 255 255 255 255 255 255 255 255 255 255 255 255 255 255 255 255 255 255 255 255 255 255 255 255 255 255 254 1 0 0 0 0 0 0 0 0 0 0 0 0 0 1 0 0 0 255 255
254 254 254 255 254 254 254 254 253 254 251 253 254 254 254 254 252 255 255 250 255 255 253 254 255 255 255 255 254 253 253 254 255 255 255 255 255 255 255 255 255 255 255 255 255 255 255 255 255 255 255 255 255 255 255 255 255 255 255 255 255 255 255 255 255 255 255 255 255 255 255 255 255 255 255 254 1 0 0 0 0 0 0 0 0 0 0 0 0 0 1 0 0 0 255 255
254 254 254 254 254 254 254 255 255 255 253 251 254 254 252 253 254 254 254 254 252 248 254 255 254 254 254 255 255 255 255 255 255 255 255 255 255 255 255 255 255 255 255 255 255 255 255 255 255 255 255 255 255 255 255 255 255 255 255 255 255 255 255 255 255 255 255 255 255 255 255 255 255 255 255 254 1 0 0 0 0 0 0 0 0 0 0 0 0 0 1 0 0 0 255 255
253 253 254 254 254 254 254 255 251 253 255 255 0 0 1 1 1 3 1 253 255 255 254 254 254 254 254 255 255 255 255 255 255 255 255 255 255 255 255 255 255 255 255 255 255 255 255 255 255 255 255 255 255 255 255 255 255 255 255 255 255 255 255 255 255 255 255 255 255 255 255 255 255 255 255 254 1 0 0 0 0 0 0 0 0 0 0 0 0 0 1 0 0 0 255 255
255 255 254 254 254 254 255 254 254 254 253 254 1 2 2 0 2 1 3 255 254 250 254 252 255 255 254 254 254 255 255 255 255 255 255 255 255 255 255 255 255 255 255 255 255 255 255 255 255 255 255 255 255 255 255 255 255 255 255 255 255 255 255 255 255 255 255 255 255 255 255 255 255 255 255 254 1 0 0 0 0 0 0 0 0 0 0 0 0 0 1 0 0 0 255 255
255 254 254 254 255 255 255 254 253 255 254 253 2 1 1 2 1 1 3 255 253 254 255 255 254 254 254 254 254 255 254 255 255 255 255 255 255 255 255 255 255 255 255 255 255 255 255 255 255 255 255 255 255 255 255 255 255 255 255 255 255 255 255 255 255 255 255 255 255 255 255 255 255 255 255 254 1 0 0 0 0 0 0 0 0 0 0 0 0 0 1 0 0 0 255 255
254 254 254 254 255 255 254 254 254 254 252 252 2 5 5 6 2 0 1 252 253 253 250 253 254 253 252 255 252 255 255 254 255 255 255 255 255 255 255 255 255 255 255 255 255 255 255 255 255 255 255 255 255 255 255 255 255 255 255 255 255 255 255 255 255 255 255 255 255 255 255 255 255 255 255 254 1 0 0 0 0 0 0 0 0 0 0 0 0 0 1 0 0 0 255 255
254 254 254 254 255 254 254 255 253 253 254 254 1 2 4 4 2 6 0 1 1 3 2 248 252 255 252 251 255 255 253 254 255 255 255 255 255 255 255 255 255 255 255 255 255 255 255 255 255 255 255 255 255 255 255 255 255 255 255 255 255 255 255 255 255 255 255 255 255 255 255 255 255 255 255 254 1 0 0 0 0 0 0 0 0 0 0 0 0 0 1 0 0 0 255 255
0 1 2 1 0 0 0 0 1 1 1 1 3 0 2 1 2 4 2 2 1 2 1 254 255 249 254 254 255 250 254 252 254 255 255 255 255 255 255 255 255 255 255 255 255 255 255 255 255 255 255 255 255 255 255 255 255 255 255 255 255 255 255 255 255 255 255 255 255 255 255 255 255 255 255 254 1 0 0 0 0 0 0 0 0 0 0 0 0 0 1 0 0 0 255 255
0 1 2 1 0 0 0 1 1 1 1 1 0 2 2 2 3 3 3 4 0 0 2 253 255 254 254 250 252 254 254 252 254 255 255 255 255 255 255 255 255 255 255 255 255 255 255 255 255 255 255 255 255 255 255 255 255 255 255 255 255 255 255 255 255 255 255 255 255 255 255 255 255 255 255 254 1 0 0 0 0 0 0 0 0 0 0 0 0 0 1 0 0 0 255 255
1 1 0 1 1 0 1 1 3 2 3 0 2 2 1 1 0 4 0 1 3 6 3 254 253 249 254 254 254 254 251 254 254 255 255 255 255 255 255 255 255 255 255 255 255 255 255 255 255 255 255 255 255 255 255 255 255 255 255 255 255 255 255 255 255 255 255 255 255 255 255 255 255 255 255 254 1 0 0 0 0 0 0 0 0 0 0 0 0 0 1 0 0 0 255 255
2 2 2 2 2 0 1 1 2 2 0 3 2 1 21 19 17 14 16 21 21 21 19 247 249 251 253 255 253 254 253 253 254 255 255 255 255 255 255 255 255 255 255 255 255 255 255 255 255 255 255 255 255 255 255 255 255 255 255 255 255 255 255 255 255 255 255 255 255 255 255 255 255 255 255 254 1 0 0 0 0 0 0 0 0 0 0 0 0 0 1 0 0 0 255 255
1 0 1 1 0 1 0 1 5 4 1 2 1 20 222 222 222 222 222 222 222 222 222 222 222 245 250 251 252 254 253 255 255 255 255 255 255 255 255 255 255 255 255 255 255 255 255 255 255 255 255 255 255 255 255 255 255 255 255 255 255 255 255 255 255 255 255 255 255 255 255 255 255 255 255 254 1 0 0 0 0 0 0 0 0 0 0 0 0 0 1 0 0 0 255 255
0 0 1 1 0 1 1 1 4 4 2 3 3 20 222 222 222 222 222 222 222 222 222 222 222 243 249 253 255 252 254 254 255 255 255 255 255 255 255 255 255 255 255 255 255 255 255 255 255 255 255 255 255 255 255 255 255 255 255 255 255 255 255 255 255 255 255 255 255 255 255 255 255 255 255 254 1 0 0 0 0 0 0 0 0 0 0 0 0 0 1 0 0 0 255 255
0 0 1 0 0 1 0 0 1 1 1 1 1 17 222 222 222 222 222 222 222 222 222 222 222 243 249 254 254 253 252 253 254 255 255 255 255 255 255 255 255 255 255 255 255 255 255 255 255 255 255 255 255 255 255 255 255 255 255 255 255 255 255 255 255 255 255 255 255 255 255 255 255 255 255 254 1 0 0 0 0 0 0 0 0 0 0 0 0 0 1 0 0 0 255 255
0 0 1 1 1 1 1 1 0 1 0 0 1 15 222 222 222 222 222 222 222 222 222 222 222 243 249 254 254 254 253 253 255 255 255 255 255 255 255 255 255 255 255 255 255 255 255 255 255 255 255 255 255 255 255 255 255 255 255 255 255 255 255 255 255 255 255 255 255 255 255 255 255 255 255 254 1 0 0 0 0 0 0 0 0 0 0 0 0 0 1 0 0 0 255 255
1 1 1 1 0 0 1 1 1 3 1 1 1 14 222 222 222 222 222 222 222 222 222 222 222 243 250 253 254 254 254 255 255 255 255 255 255 255 255 255 255 255 255 255 255 255 255 255 255 255 255 255 255 255 255 255 255 255 255 255 255 255 255 255 255 255 255 255 255 255 255 255 255 255 255 254 1 0 0 0 0 0 0 0 0 0 0 0 0 0 1 0 0 0 255 255
0 1 1 0 0 1 1 1 1 4 2 1 1 14 222 222 222 222 222 222 222 222 222 222 222 243 250 254 254 254 254 254 255 255 255 255 255 255 255 255 255 255 255 255 255 255 255 255 255 255 255 255 255 255 255 255 255 255 255 255 255 255 255 255 255 255 255 255 255 255 255 255 255 255 255 254 1 0 0 0 0 0 0 0 0 0 0 0 0 0 1 0 0 0 255 255
1 1 0 0 2 1 0 0 1 1 0 1 2 16 222 222 222 222 222 222 222 222 222 222 222 243 250 254 254 255 254 255 255 255 255 255 255 255 255 255 255 255 255 255 255 255 255 255 255 255 255 255 255 255 255 255 255 255 255 255 255 255 255 255 255 255 255 255 255 255 255 255 255 255 255 254 1 0 0 0 0 0 0 0 0 0 0 0 0 0 1 0 0 0 255 255
2 2 0 0 2 2 0 0 1 1 1 1 1 17 222 222 222 222 222 222 222 222 222 222 222 243 250 255 254 254 254 254 255 255 255 255 255 255 255 255 255 255 255 255 255 255 255 255 255 255 255 255 255 255 255 255 255 255 255 255 255 255 255 255 255 255 255 255 255 255 255 255 255 255 255 254 1 0 0 0 0 0 0 0 0 0 0 0 0 0 1 0 0 0 255 255
1 0 1 1 0 0 0 0 0 1 0 0 0 18 222 222 222 222 222 222 222 222 222 222 222 243 249 254 254 255 254 254 254 255 255 255 255 255 255 255 255 255 255 255 255 255 255 255 255 255 255 255 255 255 255 255 255 255 255 255 255 255 255 255 255 255 255 255 255 255 255 255 255 255 255 254 1 0 0 0 0 0 0 0 0 0 0 0 0 0 1 0 0 0 255 255
0 0 1 1 0 0 1 0 0 1 0 0 0 17 222 222 222 222 222 222 222 222 222 222 222 242 249 254 254 255 254 254 255 255 255 255 255 255 255 255 255 255 255 255 255 255 255 255 255 255 255 255 255 255 255 255 255 255 255 255 255 255 255 255 255 255 255 255 255 255 255 255 255 255 255 254 1 0 0 0 0 0 0 0 0 0 0 0 0 0 1 0 0 0 255 255
254 254 255 254 1 1 1 1 2 2 1 2 1 14 222 222 222 222 222 222 222 222 222 222 222 243 250 251 255 254 253 254 255 255 255 255 255 255 255 255 255 255 255 255 255 255 255 255 255 255 255 255 255 255 255 255 255 255 255 255 255 255 255 255 255 254 252 255 255 252 255 254 255 255 255 254 1 0 0 0 0 0 0 0 0 0 0 0 0 0 1 0 0 0 255 255
254 254 255 254 1 1 1 1 4 4 1 0 1 15 222 222 222 222 222 222 222 222 222 222 222 241 250 254 251 254 255 253 255 255 255 255 255 255 255 255 255 255 255 255 255 255 255 255 255 255 255 255 255 255 255 255 255 255 255 255 255 255 255 255 252 255 255 255 252 255 255 250 255 255 255 254 1 0 0 0 0 0 0 0 0 0 0 0 0 0 1 0 0 0 255 255
255 254 253 254 1 0 1 1 4 4 1 1 1 17 222 222 222 222 222 222 222 222 222 222 222 243 251 248 254 255 253 254 254 254 254 254 254 254 254 254 254 254 254 254 254 254 254 254 254 254 254 254 254 254 254 254 254 254 254 254 254 254 254 254 255 255 252 252 255 255 255 255 255 255 255 254 1 0 0 0 0 0 0 0 0 0 0 0 0 0 1 0 0 0 255 255
255 254 254 254 1 0 0 1 5 2 1 1 2 19 222 222 222 222 222 222 222 222 222 222 222 243 250 254 255 251 254 254 255 255 255 255 255 255 255 255 255 255 255 255 255 255 255 255 255 255 255 255 255 255 255 255 255 255 255 255 255 255 255 255 255 255 255 255 255 252 250 250 255 255 255 254 1 0 0 0 0 0 0 0 0 0 0 0 0 0 1 0 0 0 255 255
255 255 254 254 1 1 1 1 2 1 1 1 4 21 222 222 222 222 222 222 222 222 222 222 222 244 250 254 253 254 254 252 255 255 255 255 255 255 255 255 255 255 255 255 255 255 255 255 255 255 255 255 255 255 255 255 255 255 255 255 255 255 255 255 254 255 255 252 254 255 255 255 255 255 255 254 1 0 0 0 0 0 0 0 0 0 0 0 0 0 1 0 0 0 255 255
255 255 254 252 1 1 1 1 2 1 0 1 2 18 222 222 222 222 222 222 222 222 222 222 222 245 251 254 254 253 255 255 255 255 255 255 255 255 255 255 255 255 255 255 255 255 255 255 255 255 255 255 255 255 255 255 255 255 255 255 255 255 255 255 255 248 254 255 250 255 249 255 255 255 255 254 1 0 0 0 0 0 0 0 0 0 0 0 0 0 1 0 0 0 255 255
254 255 254 252 1 1 1 0 2 1 2 4 5 2 17 15 19 19 16 14 13 15 19 18 13 11 1 5 0 1 1 0 1 1 1 1 1 1 1 1 1 1 1 1 1 1 1 1 1 1 1 1 1 1 1 1 1 1 1 1 1 1 1 1 0 255 253 254 255 252 255 251 255 255 255 254 1 0 0 0 0 0 0 0 0 0 0 0 0 0 1 0 0 0 255 255
254 254 254 253 2 1 1 1 2 3 2 2 1 3 2 4 1 1 0 1 2 1 3 4 6 1 1 1 0 3 0 0 0 0 0 0 0 0 0 0 0 0 0 0 0 0 0 0 0 0 0 0 0 0 0 0 0 0 0 0 0 0 0 0 0 254 255 255 248 255 250 255 255 255 255 254 1 0 0 0 0 0 0 0 0 0 0 0 0 0 1 0 0 0 255 255
255 255 254 254 1 0 0 0 1 0 1 1 0 0 0 0 1 1 0 0 0 0 1 1 1 0 0 0 0 0 0 0 0 0 0 0 0 0 0 0 0 0 0 0 0 0 0 0 0 0 0 0 0 0 0 0 0 0 0 0 0 0 0 0 0 254 255 255 255 255 255 255 255 255 255 254 1 0 0 0 0 0 0 0 0 0 0 0 0 0 1 0 0 0 255 255
255 255 255 254 1 0 0 0 0 0 0 0 0 0 0 0 0 0 0 0 0 0 0 0 0 0 0 0 0 0 0 0 0 0 0 0 0 0 0 0 0 0 0 0 0 0 0 0 0 0 0 0 0 0 0 0 0 0 0 0 0 0 0 0 0 254 255 255 255 255 255 255 255 255 255 254 1 0 0 0 0 0 0 0 0 0 0 0 0 0 1 0 0 0 255 255
255 255 255 254 1 0 0 0 0 0 0 0 0 0 0 0 0 0 0 0 0 0 0 0 0 0 0 0 0 0 0 0 0 0 0 0 0 0 0 0 0 0 0 0 0 0 0 0 0 0 0 0 0 0 0 0 0 0 0 0 0 0 0 0 0 254 255 255 255 255 255 255 255 255 255 254 1 0 0 0 0 0 0 0 0 0 0 0 0 0 1 0 0 0 255 255
255 255 255 254 1 0 0 0 0 0 0 0 0 0 0 0 0 0 0 0 0 0 0 0 0 0 0 0 0 0 0 0 0 0 0 0 0 0 0 0 0 0 0 0 0 0 0 0 0 0 0 0 0 0 0 0 0 0 0 0 0 0 0 0 0 254 255 255 255 255 255 255 255 255 255 254 1 0 0 0 0 0 0 0 0 0 0 0 0 0 1 0 0 0 255 255
255 255 255 254 1 0 0 0 0 0 0 0 0 0 0 0 0 0 0 0 0 0 0 0 0 0 0 0 0 0 0 0 0 0 0 0 0 0 0 0 0 0 0 0 0 0 0 0 0 0 0 0 0 0 0 0 0 0 0 0 0 0 0 0 0 254 255 255 255 255 255 255 255 255 255 254 1 0 0 0 0 0 0 0 0 0 0 0 0 0 1 0 0 0 255 255
255 255 255 254 1 0 0 0 0 0 0 0 0 0 0 0 0 0 0 0 0 0 0 0 0 0 0 0 0 0 0 0 0 0 0 0 0 0 0 0 0 0 0 0 0 0 0 0 0 0 0 0 0 0 0 0 0 0 0 0 0 0 0 0 0 254 255 255 255 255 255 255 255 255 255 254 1 0 0 0 0 0 0 0 0 0 0 0 0 0 1 0 0 0 255 255
255 255 255 254 1 0 0 0 0 0 0 0 0 0 0 0 0 0 0 0 0 0 0 0 0 0 0 0 0 0 0 0 0 0 0 0 0 0 0 0 0 0 0 0 0 0 0 0 0 0 0 0 0 0 0 0 0 0 0 0 0 0 0 0 0 254 255 255 255 255 255 255 255 255 255 254 1 0 0 0 0 0 0 0 0 0 0 0 0 0 1 0 0 0 255 255
255 255 255 254 1 0 0 0 0 0 0 0 0 0 0 0 0 0 0 0 0 0 0 0 0 0 0 0 0 0 0 0 0 0 0 0 0 0 0 0 0 0 0 0 0 0 0 0 0 0 0 0 0 0 0 0 0 0 0 0 0 0 0 0 0 254 255 255 255 255 255 255 255 255 255 254 1 0 0 0 0 0 0 0 0 0 0 0 0 0 1 0 0 0 255 255
255 255 255 254 1 0 0 0 0 0 0 0 0 0 0 0 0 0 0 0 0 0 0 0 0 0 0 0 0 0 0 0 0 0 0 0 0 0 0 0 1 0 0 1 0 4 0 0 0 0 0 0 0 0 0 0 0 0 0 0 0 0 0 0 0 254 255 255 255 255 255 255 255 255 255 254 1 0 0 0 0 0 0 0 0 0 0 0 0 0 1 0 0 0 255 255
255 255 255 254 1 0 0 0 0 0 0 0 0 0 0 0 0 0 0 0 0 0 0 0 0 0 0 0 0 0 0 0 0 0 0 0 0 0 0 0 0 0 4 0 2 0 0 1 0 0 0 0 0 0 0 0 0 0 0 0 0 0 0 0 0 254 255 255 255 255 255 255 255 255 255 254 1 0 0 0 0 0 0 0 0 0 0 0 0 0 1 0 0 0 255 255
255 255 255 254 1 0 0 0 0 0 0 0 0 0 0 0 0 0 0 0 0 0 0 0 0 0 0 0 0 0 0 0 0 0 0 0 0 0 0 0 0 0 0 1 0 3 1 0 0 0 0 0 0 0 0 0 0 0 0 0 0 0 0 0 0 254 255 255 255 255 255 255 255 255 255 254 1 0 0 0 0 0 0 0 0 0 0 0 0 0 1 0 0 0 255 255
255 255 255 254 1 0 0 0 0 0 0 0 0 0 0 0 0 0 0 0 0 0 0 0 1 1 1 1 1 1 1 1 1 1 1 1 1 1 1 1 1 0 0 3 0 0 2 0 0 0 0 0 0 0 0 0 0 0 0 0 0 0 0 0 0 254 255 255 255 255 255 255 255 255 255 254 1 0 0 0 0 0 0 0 0 0 0 0 0 0 1 0 0 0 255 255
255 255 255 254 1 0 0 0 0 0 0 0 0 0 0 0 0 0 0 0 0 0 0 0 254 254 254 254 254 254 254 254 254 254 254 254 254 254 254 254 254 0 2 0 1 5 0 1 0 0 0 0 0 0 0 0 0 0 0 0 0 0 0 0 0 254 255 255 255 255 255 255 255 255 255 254 1 0 0 0 0 0 0 0 0 0 0 0 0 0 1 0 0 0 255 255
255 255 255 254 1 0 0 0 0 0 0 0 0 0 0 0 0 0 0 0 0 0 0 0 255 255 255 255 255 255 255 255 255 255 255 255 255 255 255 255 255 0 3 0 3 0 0 1 0 0 0 0 0 0 0 0 0 0 0 0 0 0 0 0 0 254 255 255 255 255 255 255 255 255 255 254 1 0 0 0 0 0 0 0 0 0 0 0 0 0 1 0 0 0 255 255
255 255 255 254 1 0 0 0 0 0 0 0 0 0 0 0 0 0 0 0 0 0 0 0 255 255 255 255 255 255 255 255 255 255 255 255 255 255 255 255 255 0 0 1 0 2 1 0 0 0 0 0 0 0 0 0 0 0 0 0 0 0 0 0 0 254 255 255 255 255 255 255 255 255 255 254 1 0 0 0 0 0 0 0 0 0 0 0 0 0 1 0 0 0 255 255
255 255 255 254 1 0 0 0 0 0 0 0 0 0 0 0 0 0 0 0 0 0 0 0 255 255 255 255 255 255 255 255 255 255 255 255 255 255 255 255 255 0 3 0 3 0 3 1 0 0 0 0 0 0 0 0 0 0 0 0 0 0 0 0 0 254 255 255 255 255 255 255 255 255 255 254 1 0 0 0 0 0 0 0 0 0 0 0 0 0 1 0 0 0 255 255
255 255 255 254 1 0 0 0 0 0 0 0 0 0 0 0 0 0 0 0 0 0 0 0 255 255 255 255 255 255 255 255 255 255 255 255 255 255 255 255 255 0 0 3 0 0 4 0 0 0 0 0 0 0 0 0 0 0 0 0 0 0 0 0 0 255 255 252 255 255 252 255 255 255 255 254 1 0 0 0 0 0 0 0 0 0 0 0 0 0 1 0 0 0 255 255
255 255 255 254 1 0 0 0 0 0 0 0 0 0 0 0 0 0 0 0 0 0 0 0 255 255 255 255 255 255 255 255 255 255 255 255 255 255 255 255 254 2 0 0 5 0 0 4 0 0 0 0 0 0 0 0 0 0 0 0 0 0 0 0 0 252 255 255 249 255 255 250 255 255 255 254 1 0 0 0 0 0 0 0 0 0 0 0 0 0 1 0 0 0 255 255
255 255 255 254 1 0 0 0 0 0 0 0 0 0 0 0 0 0 0 0 0 0 0 0 255 255 255 255 255 255 255 255 255 255 255 255 255 255 255 255 255 2 0 2 0 3 2 2 1 1 1 1 1 1 1 1 1 1 1 1 1 1 1 1 1 254 255 254 255 253 254 253 255 255 255 254 1 0 0 0 0 0 0 0 0 0 0 0 0 0 1 0 0 0 255 255
255 255 255 254 1 0 0 0 0 0 0 0 0 0 0 0 0 0 0 0 0 0 0 0 255 255 255 255 255 255 255 255 255 255 255 255 255 255 255 255 255 249 255 255 255 253 255 251 255 255 255 255 255 255 255 255 255 255 255 255 255 255 255 255 254 255 251 255 255 255 254 255 255 255 255 254 1 0 0 0 0 0 0 0 0 0 0 0 0 0 1 0 0 0 255 255
255 255 255 254 1 0 0 0 0 0 0 0 0 0 0 0 0 0 0 0 0 0 0 0 255 255 255 255 255 255 255 255 255 255 255 255 255 255 255 255 255 255 253 252 255 255 255 255 255 255 255 255 255 255 255 255 255 255 255 255 255 255 255 255 253 252 255 255 254 253 254 254 255 255 255 254 1 0 0 0 0 0 0 0 0 0 0 0 0 0 1 0 0 0 255 255
255 255 255 254 1 0 0 0 0 0 0 0 0 0 0 0 0 0 0 0 0 0 0 0 255 255 255 255 255 255 255 255 255 255 255 255 255 255 255 255 249 255 255 255 255 244 255 255 255 255 255 255 255 255 255 255 255 255 255 255 255 255 255 255 255 252 255 254 252 255 249 253 255 255 255 254 1 0 0 0 0 0 0 0 0 0 0 0 0 0 1 0 0 0 255 255
255 255 255 254 1 0 0 0 0 0 0 0 0 0 0 0 0 0 0 0 0 0 0 0 255 255 255 255 255 255 255 255 255 255 255 255 255 255 255 255 255 252 255 252 255 255 255 251 255 255 255 255 255 255 255 255 255 255 255 255 255 255 255 255 251 255 250 255 252 252 255 255 255 255 255 254 1 0 0 0 0 0 0 0 0 0 0 0 0 0 1 0 0 0 255 255
255 255 255 254 1 0 0 0 0 0 0 0 0 0 0 0 0 0 0 0 0 0 0 0 255 255 255 255 255 255 255 255 255 255 255 255 255 255 255 255 255 254 253 255 251 253 255 255 255 255 255 255 255 255 255 255 255 255 255 255 255 255 255 255 255 255 255 250 255 255 250 255 255 255 255 254 1 0 0 0 0 0 0 0 0 0 0 0 0 0 1 0 0 0 255 255
