ProyectoFinalEquipo1/Piso4/pisoX.asc
NCOLS 800
NROWS 600
XLLCORNER 0
YLLCORNER 0
CELLSIZE 1
NODATA_VALUE -1
[rows 320 to 383 of 599, columns 0 to 95 of 800]
231 171 241 255 252 254 253 253 253 253 253 253 253 253 253 253 253 253 253 253 253 254 254 254 255 255 255 255 255 255 255 255 255 255 255 255 255 255 255 255 255 255 255 255 255 255 255 254 254 254 255 255 255 255 254 254 255 253 254 254 254 250 254 252 253 253 250 255 252 253 254 254 255 255 254 254 255 255 255 255 255 255 255 255 255 255 255 255 254 255 252 255 255 143 0 2
231 171 241 255 252 254 253 253 253 253 253 253 253 253 253 253 253 253 253 253 253 254 254 254 255 255 255 255 255 255 255 255 255 255 255 255 255 255 255 255 255 255 255 255 255 255 255 255 254 254 255 255 254 254 254 254 254 251 254 252 248 254 253 255 254 250 255 249 251 254 254 254 254 254 254 254 255 255 255 255 255 255 255 255 255 255 255 255 254 255 254 253 254 167 2 0
231 171 241 255 252 254 253 253 253 253 253 253 253 253 253 253 253 253 253 253 253 254 254 254 255 255 255 255 255 255 255 255 255 255 255 255 255 255 255 255 255 255 255 255 255 255 255 255 254 254 254 254 254 254 255 255 252 255 249 254 254 247 254 250 251 255 249 255 254 249 254 251 253 253 255 254 255 254 255 255 255 255 255 255 255 255 255 255 254 255 255 254 251 185 0 0
231 171 241 255 252 254 253 253 253 253 253 253 253 253 253 253 253 253 253 253 253 253 254 254 255 255 255 255 255 255 255 255 255 255 255 255 255 255 255 255 255 255 255 255 255 255 255 255 255 254 254 254 255 255 255 255 255 1 0 6 0 4 1 2 3 1 6 1 6 1 2 254 252 252 255 254 254 254 254 255 255 255 255 255 255 255 255 255 255 254 255 255 250 182 0 2
231 171 241 255 252 254 253 253 253 253 253 253 253 253 253 253 253 253 253 253 253 253 254 254 255 255 255 255 255 255 255 255 255 255 255 255 255 255 255 255 255 255 255 255 255 255 255 255 254 254 254 254 254 254 254 255 252 1 3 1 1 1 1 8 7 3 4 6 2 4 1 253 253 254 255 254 255 254 254 254 255 255 255 255 255 255 255 255 255 254 253 255 253 176 0 2
231 171 241 255 252 254 253 253 253 253 253 253 253 253 253 253 253 253 253 253 253 254 254 254 255 255 255 255 255 255 255 255 255 255 255 255 255 255 255 255 255 255 255 255 255 255 255 254 254 253 254 253 253 254 254 255 255 1 1 1 2 7 3 0 1 2 8 6 1 1 3 255 254 254 255 254 255 255 254 254 255 255 255 255 255 255 255 255 255 255 252 253 255 179 5 0
231 171 241 255 252 254 253 253 253 253 253 253 253 253 253 253 253 253 253 253 253 254 254 254 255 255 255 255 255 255 255 255 255 255 255 255 255 255 255 255 255 255 255 255 255 255 255 255 254 254 254 254 254 254 254 255 254 1 4 9 0 1 2 2 2 1 2 0 8 3 0 251 253 254 255 254 255 255 255 255 255 255 255 255 255 255 255 255 255 255 253 253 255 183 4 0
231 171 241 255 252 254 253 253 253 253 253 253 253 253 253 253 253 253 253 253 253 254 254 254 255 255 255 255 255 255 255 255 255 255 255 255 255 255 255 255 255 255 255 255 255 255 255 255 254 254 255 254 254 254 254 254 252 7 1 1 3 2 1 3 3 2 2 4 1 1 8 253 254 254 255 255 255 255 255 255 255 255 255 255 255 255 255 255 254 254 254 255 252 181 0 1
231 171 241 255 252 254 253 253 253 253 253 253 253 253 253 253 253 253 253 253 253 254 254 254 255 255 255 255 255 255 255 255 255 255 255 255 255 255 255 255 255 255 255 255 255 255 255 255 254 254 254 255 254 254 254 254 254 4 2 2 4 4 1 2 1 1 3 7 1 4 2 251 254 254 255 255 254 254 255 255 255 255 255 255 255 255 255 255 254 255 253 255 255 172 2 0
231 171 241 255 252 254 253 253 253 253 253 253 253 253 253 253 253 253 253 253 253 254 254 254 255 255 255 255 255 255 255 255 255 255 255 255 255 255 255 255 255 255 255 255 255 255 255 255 254 254 255 254 254 254 254 254 254 3 4 6 2 1 2 2 3 3 3 1 9 2 1 254 253 254 254 254 254 255 255 255 255 255 255 255 255 255 255 255 254 254 255 254 254 180 0 1
231 171 241 255 252 254 253 253 253 253 253 253 253 253 253 253 253 253 253 253 253 254 254 254 255 255 255 255 255 255 255 255 255 255 255 255 255 255 255 255 255 255 255 255 255 255 255 255 254 254 254 254 254 254 254 254 254 3 0 4 1 7 0 0 1 3 1 9 0 1 8 253 254 254 254 254 254 255 255 255 255 255 255 255 255 255 255 255 254 254 255 254 250 186 0 1
231 171 241 255 252 254 253 253 253 253 253 253 253 253 253 253 253 253 253 253 253 253 254 254 255 255 255 255 255 255 255 255 255 255 255 255 255 255 255 255 255 255 255 255 255 255 255 255 254 254 254 255 255 254 255 255 253 0 1 1 4 0 4 1 0 0 0 2 2 10 0 253 255 254 254 254 254 254 255 255 255 255 255 255 255 255 255 255 254 255 255 255 251 182 0 1
231 171 241 255 252 254 253 253 253 253 253 253 253 253 253 253 253 253 253 253 253 253 254 254 255 255 255 255 255 255 255 255 255 255 255 255 255 255 255 255 255 255 255 255 255 255 255 254 254 254 255 254 254 254 254 254 254 3 2 2 1 3 3 3 6 8 6 5 10 4 7 250 253 254 254 255 253 253 255 255 255 255 255 255 255 255 255 255 254 255 255 255 255 172 0 0
231 171 241 255 252 254 253 253 253 253 253 253 253 253 253 253 253 253 253 253 253 254 254 254 255 255 255 255 255 255 255 255 255 255 255 255 255 255 255 255 255 255 255 255 255 255 255 255 254 254 254 254 254 254 254 254 254 1 3 7 17 24 33 30 28 27 25 32 28 24 8 250 252 253 254 254 253 253 255 254 254 255 255 255 255 255 255 255 255 255 254 255 255 170 2 0
231 171 241 255 252 254 253 253 253 253 253 253 253 253 253 253 253 253 253 253 253 254 254 254 255 255 255 255 255 255 255 255 255 255 255 255 255 255 255 255 255 255 255 255 255 255 255 255 254 254 254 254 254 254 254 254 251 3 5 13 222 222 222 222 222 222 222 222 222 222 10 255 254 254 255 254 252 253 252 251 254 255 255 255 255 255 255 255 255 255 254 254 255 178 1 0
231 171 241 255 252 254 253 253 253 253 253 253 253 253 253 253 253 253 253 253 253 254 254 254 255 255 255 255 255 255 255 255 255 255 255 255 255 255 255 255 255 255 255 255 255 255 255 255 254 255 254 254 254 253 254 254 254 1 5 22 222 222 222 222 222 222 222 222 222 222 16 253 254 254 255 254 253 253 252 251 254 255 255 255 255 255 255 255 255 254 255 254 253 188 0 1
231 171 241 255 252 254 253 253 253 253 253 253 253 253 253 253 253 253 253 253 253 254 254 254 255 255 255 255 255 255 255 255 255 255 255 255 255 255 255 255 255 255 255 255 255 255 255 255 255 255 255 255 254 254 255 255 254 1 1 19 222 222 222 222 222 222 222 222 222 222 16 254 255 255 255 255 254 254 254 253 254 255 255 255 255 255 255 255 253 254 254 255 252 182 0 2
231 171 241 255 252 254 253 253 253 253 253 253 253 253 253 253 253 253 253 253 253 254 254 254 255 255 255 255 255 255 255 255 255 255 255 255 255 255 255 255 255 255 255 255 255 255 255 255 255 255 254 254 255 255 255 255 254 1 0 18 222 222 222 222 222 222 222 222 222 222 16 254 255 255 254 254 255 255 254 254 255 255 255 255 255 255 255 255 254 255 255 255 253 181 0 1
231 171 241 255 252 254 253 253 253 253 253 253 253 253 253 253 253 253 253 253 253 254 254 254 255 255 255 255 255 255 255 255 255 255 255 255 255 255 255 255 255 255 255 255 255 255 255 255 255 255 254 254 255 255 255 255 254 1 0 18 222 222 222 222 222 222 222 222 222 222 16 254 255 255 254 254 255 255 254 254 255 255 255 255 255 255 255 255 255 255 254 255 253 179 0 0
231 171 241 255 252 254 253 253 253 253 253 253 253 253 253 253 253 253 253 253 253 253 254 254 255 255 255 255 255 255 255 255 255 255 255 255 255 255 255 255 255 255 255 255 255 255 255 255 255 255 254 254 255 255 255 255 254 1 0 18 222 222 222 222 222 222 222 222 222 222 16 254 255 255 254 254 255 255 254 254 255 255 255 255 255 255 255 255 254 254 252 254 254 177 0 0
231 171 241 255 252 254 253 253 253 253 253 253 253 253 253 253 253 253 253 253 253 253 254 254 255 255 255 255 255 255 255 255 255 255 255 255 255 255 255 255 255 255 255 255 255 255 255 255 255 255 254 254 255 255 255 255 254 1 0 18 222 222 222 222 222 222 222 222 222 222 16 254 255 255 254 254 255 255 254 254 255 255 255 255 255 255 255 255 254 255 252 254 255 174 1 0
231 171 241 255 252 254 253 253 253 253 253 253 253 253 253 253 253 253 253 253 253 254 254 254 255 255 255 255 255 255 255 255 255 255 255 255 255 255 255 255 255 255 255 255 255 255 255 255 255 255 254 254 255 255 255 255 254 1 0 18 222 222 222 222 222 222 222 222 222 222 16 254 255 255 254 254 255 255 254 254 255 255 255 255 255 255 255 255 254 255 253 255 255 172 2 2
231 171 241 255 252 254 253 253 253 253 253 253 253 253 253 253 253 253 253 253 253 254 254 254 255 255 255 255 255 255 255 255 255 255 255 255 255 255 255 255 255 255 255 255 255 255 255 255 255 255 254 254 255 255 255 255 254 1 0 18 222 222 222 222 222 222 222 222 222 222 16 254 255 255 254 254 255 255 254 254 255 255 255 255 255 255 255 255 254 255 254 255 255 168 1 1
231 171 241 255 252 254 253 253 253 253 253 253 253 253 253 253 253 253 253 253 253 254 254 254 255 255 255 255 255 255 255 255 255 255 255 255 255 255 255 255 255 255 255 255 255 255 255 255 255 255 254 254 255 255 255 255 254 1 0 18 222 222 222 222 222 222 222 222 222 222 16 254 255 255 254 254 255 255 254 254 255 255 255 255 255 255 255 255 254 255 254 254 254 165 0 0
231 171 241 255 252 254 253 253 253 253 253 253 253 253 253 253 253 253 253 253 253 254 254 254 255 255 255 255 255 255 255 255 255 255 255 255 255 255 255 255 255 255 255 255 255 255 255 255 255 255 254 254 255 255 255 255 254 1 0 18 222 222 222 222 222 222 222 222 222 222 16 254 255 255 254 254 255 255 254 254 255 255 255 255 255 255 255 255 254 255 253 255 255 167 1 0
231 171 241 255 252 254 253 253 253 253 253 253 253 253 253 253 253 253 253 253 253 254 254 254 255 255 255 255 255 255 255 255 255 255 255 255 255 255 255 255 255 255 255 255 255 255 255 255 255 255 254 254 255 255 255 255 254 1 0 18 222 222 222 222 222 222 222 222 222 222 16 254 255 255 254 254 255 255 254 254 255 255 255 255 255 255 255 255 254 255 253 255 255 169 2 0
231 171 241 255 252 254 253 253 253 253 253 253 253 253 253 253 253 253 253 253 253 254 254 254 255 255 255 255 255 255 255 255 255 255 255 255 255 255 255 255 255 255 255 255 255 255 255 255 255 255 254 254 255 255 255 255 254 1 0 18 222 222 222 222 222 222 222 222 222 222 16 254 255 255 254 254 255 255 254 254 255 255 255 255 255 255 255 255 254 255 253 255 255 172 2 1
231 171 241 255 252 254 253 253 253 253 253 253 253 253 253 253 253 253 253 253 253 253 254 254 255 255 255 255 255 255 255 255 255 255 255 255 255 255 255 255 255 255 255 255 255 255 255 255 255 255 254 254 255 255 255 255 254 1 0 18 222 222 222 222 222 222 222 222 222 222 16 254 255 255 254 254 255 255 254 254 255 255 255 255 255 255 255 255 254 255 254 255 255 174 1 0
231 171 241 255 252 254 253 253 253 253 253 253 253 253 253 253 253 253 253 253 253 253 254 254 255 255 255 255 255 255 255 255 255 255 255 255 255 255 255 255 255 255 255 255 255 255 255 255 255 255 254 254 255 255 255 255 254 1 0 18 222 222 222 222 222 222 222 222 222 222 16 254 255 255 254 254 255 255 254 254 255 255 255 255 255 255 255 255 255 255 254 255 254 177 0 0
231 171 241 255 252 254 253 253 253 253 253 253 253 253 253 253 253 253 253 253 253 254 254 254 255 255 255 255 255 255 255 255 255 255 255 255 255 255 255 255 255 255 255 255 255 255 255 255 255 255 254 254 255 255 255 255 254 1 0 18 222 222 222 222 222 222 222 222 222 222 16 254 255 255 254 254 255 255 254 254 255 255 255 255 255 255 255 255 255 255 254 255 253 179 0 1
231 171 241 255 252 254 253 253 253 253 253 253 253 253 253 253 253 253 253 253 253 254 254 254 255 255 255 255 255 255 255 255 255 255 255 255 255 255 255 255 255 255 255 255 255 255 255 255 255 255 254 254 255 255 255 255 254 1 0 18 222 222 222 222 222 222 222 222 222 222 16 254 255 255 254 254 255 255 254 254 255 255 255 255 255 255 255 255 255 255 254 255 253 182 0 1
231 171 241 255 252 254 253 253 253 253 253 253 253 253 253 253 253 253 253 253 253 254 254 254 255 255 255 255 255 255 255 255 255 255 255 255 255 255 255 255 255 255 255 255 255 255 255 255 254 254 255 254 255 255 255 255 254 1 0 18 222 222 222 222 222 222 222 222 222 222 16 255 255 255 255 254 254 255 255 255 255 255 255 255 255 255 255 255 255 255 254 255 253 184 0 1
231 171 241 255 252 254 253 253 253 253 253 253 253 253 253 253 253 253 253 253 253 254 254 254 255 255 255 255 255 255 255 255 255 255 255 255 255 255 255 255 255 255 255 255 255 255 255 254 253 253 254 254 254 254 255 255 254 1 0 18 222 222 222 222 222 222 222 222 222 222 16 254 254 254 255 255 254 254 255 255 255 255 255 255 255 255 255 255 255 255 255 255 255 179 0 1
231 171 241 255 252 254 253 253 253 253 253 253 253 253 253 253 253 253 253 253 253 254 254 254 255 255 255 255 255 255 255 255 255 255 255 255 255 255 255 255 255 255 255 255 255 255 255 255 254 254 254 254 254 254 255 255 254 1 0 18 222 222 222 222 222 222 222 222 222 222 15 253 254 254 254 255 254 253 255 254 255 255 255 255 255 255 255 255 255 255 255 255 255 179 0 0
231 171 241 255 252 254 253 253 253 253 253 253 253 253 253 253 253 253 253 253 253 254 254 254 255 255 255 255 255 255 255 255 255 255 255 255 255 255 255 255 255 255 255 255 255 255 255 255 255 254 252 252 254 254 255 255 255 1 0 18 222 222 222 222 222 222 222 222 222 222 16 253 255 254 254 254 254 254 255 254 255 255 255 255 255 255 255 255 255 255 255 255 255 179 0 0
231 171 241 255 252 254 253 253 253 253 253 253 253 253 253 253 253 253 253 253 253 253 254 254 255 255 255 255 255 255 255 255 255 255 255 255 255 255 255 255 255 255 255 255 255 255 255 255 254 254 253 254 254 255 255 255 255 1 1 19 222 222 222 222 222 222 222 222 222 222 16 254 255 254 254 254 254 254 255 255 255 255 255 255 255 255 255 255 255 255 255 255 255 179 0 0
231 171 241 255 252 254 253 253 253 253 253 253 253 253 253 253 253 253 253 253 253 253 254 254 255 255 255 255 255 255 255 255 255 255 255 255 255 255 255 255 255 255 255 255 255 255 255 255 254 254 255 255 254 254 254 254 255 1 1 17 222 222 222 222 222 222 222 222 222 222 16 254 255 255 254 254 255 254 255 255 255 255 255 255 255 255 255 255 255 255 255 255 255 179 0 0
231 171 241 255 252 254 253 253 253 253 253 253 253 253 253 253 253 253 253 253 253 254 254 254 255 255 255 255 255 255 255 255 255 255 255 255 255 255 255 255 255 255 255 255 255 255 255 255 255 254 255 255 254 254 254 254 254 1 1 18 222 222 222 222 222 222 222 222 222 222 16 254 255 255 254 254 254 255 254 254 255 255 255 255 255 255 255 255 255 255 255 255 255 179 0 0
231 171 241 255 252 254 253 253 253 253 253 253 253 253 253 253 253 253 253 253 253 254 254 254 255 255 255 255 255 255 255 255 255 255 255 255 255 255 255 255 255 255 255 255 255 255 255 255 254 255 255 255 255 255 254 255 254 1 2 20 222 222 222 222 222 222 222 222 222 222 16 254 254 255 254 254 254 255 254 254 255 255 255 255 255 255 255 255 255 255 255 255 255 179 0 0
231 171 241 255 252 254 253 253 253 253 253 253 253 253 253 253 253 253 253 253 253 254 254 254 255 255 255 255 255 255 255 255 255 255 255 255 255 255 255 255 255 255 255 255 255 255 255 254 254 254 255 255 255 254 255 255 254 1 2 19 222 222 222 222 222 222 222 222 222 222 16 254 254 255 254 253 254 254 254 253 254 255 255 255 255 255 255 255 255 255 255 255 255 179 0 0
231 171 241 255 252 254 253 253 253 253 253 253 253 253 253 253 253 253 253 253 253 254 254 254 255 255 255 255 255 255 255 255 255 255 255 255 255 255 255 255 255 255 255 255 255 255 255 254 254 254 255 255 254 254 255 254 254 1 1 16 222 222 222 222 222 222 222 222 222 222 18 251 255 255 254 253 254 255 253 252 254 255 255 255 255 255 255 255 254 255 255 255 254 158 1 1
231 171 241 255 252 254 253 253 253 253 253 253 253 253 253 253 253 253 253 253 253 254 254 254 255 255 255 255 255 255 255 255 255 255 255 255 255 255 255 255 255 255 255 255 255 255 255 254 254 254 255 254 255 255 255 254 250 2 1 9 222 222 222 222 222 222 222 222 222 222 10 254 254 254 254 254 254 255 254 253 254 255 255 255 255 255 255 255 254 255 255 255 254 160 1 1
231 171 241 255 252 254 253 253 253 253 253 253 253 253 253 253 253 253 253 253 253 254 254 254 255 255 255 255 255 255 255 255 255 255 255 255 255 255 255 255 255 255 255 255 255 255 255 254 254 254 254 254 254 254 254 255 253 2 3 5 21 28 36 29 27 25 23 32 29 25 7 246 250 251 254 255 254 254 255 255 255 255 255 255 255 255 255 255 255 255 255 255 254 162 1 1
231 171 241 255 252 254 253 253 253 253 253 253 253 253 253 253 253 253 253 253 253 253 254 254 255 255 255 255 255 255 255 255 255 255 255 255 255 255 255 255 255 255 255 255 255 255 255 255 254 255 254 254 254 254 254 254 254 4 2 2 4 7 4 5 6 4 7 8 10 4 9 245 250 251 254 255 255 255 255 255 255 255 255 255 255 255 255 255 255 255 255 255 254 165 0 0
231 171 241 255 252 254 253 253 253 253 253 253 253 253 253 253 253 253 253 253 253 253 254 254 255 255 255 255 255 255 255 255 255 255 255 255 255 255 255 255 255 255 255 255 255 255 255 255 254 254 254 255 255 255 254 254 254 1 2 1 6 4 7 4 4 4 3 4 6 13 1 254 254 254 255 255 255 255 255 255 255 255 255 255 255 255 255 255 255 255 255 255 253 168 0 0
231 171 241 255 252 254 253 253 253 253 253 253 253 253 253 253 253 253 253 253 253 254 254 254 255 255 255 255 255 255 255 255 255 255 255 255 255 255 255 255 255 255 255 255 255 255 255 255 255 254 254 254 254 255 255 254 255 3 1 3 1 8 0 1 3 5 1 9 3 4 9 253 254 254 254 255 254 254 254 255 255 255 255 255 255 255 255 255 255 254 254 255 253 172 0 0
231 171 241 255 252 254 253 253 253 253 253 253 253 253 253 253 253 253 253 253 253 254 254 254 255 255 255 255 255 255 255 255 255 255 255 255 255 255 255 255 255 255 255 255 255 255 255 255 255 255 255 255 255 255 255 254 253 3 4 4 0 1 0 1 2 1 3 2 6 2 3 252 254 254 254 254 255 254 254 255 255 255 255 255 255 255 255 255 255 254 254 255 253 174 0 0
231 171 241 255 252 254 253 253 253 253 253 253 253 253 253 253 253 253 253 253 253 254 254 254 255 255 255 255 255 255 255 255 255 255 255 255 255 255 255 255 255 255 255 255 255 255 255 255 254 254 255 255 254 255 255 254 253 4 0 0 2 3 1 2 2 2 3 3 1 4 1 254 254 254 254 255 255 254 255 255 255 255 255 255 255 255 255 255 255 254 254 255 253 175 0 0
231 171 241 255 252 254 253 253 253 253 253 253 253 253 253 253 253 253 253 253 253 253 254 254 255 255 255 255 255 255 255 255 255 255 255 255 255 255 255 255 255 255 255 255 255 255 255 255 255 255 254 253 254 255 255 255 255 0 0 2 1 0 0 2 0 1 1 1 0 0 1 255 255 255 255 255 255 255 255 255 255 255 255 255 255 255 255 255 255 254 255 253 255 172 0 0
231 171 241 255 252 254 253 253 253 253 253 253 253 253 253 253 253 253 253 253 253 253 254 254 255 255 255 255 255 255 255 255 255 255 255 255 255 255 255 255 255 255 255 255 255 255 255 255 254 253 253 254 254 254 254 254 255 7 1 0 2 2 3 0 0 0 0 1 0 0 1 255 255 255 255 255 255 255 255 255 255 255 255 255 255 255 255 255 254 254 255 253 255 168 0 0
231 171 241 255 252 254 253 253 253 253 253 253 253 253 253 253 253 253 253 253 253 253 254 254 255 255 255 255 255 255 255 255 255 255 255 255 255 255 255 255 255 255 255 255 255 255 255 255 254 254 255 255 255 254 254 254 247 0 3 3 3 0 5 0 0 0 0 1 0 0 1 255 255 255 255 255 255 255 255 255 255 255 255 255 255 255 255 255 254 255 255 253 255 164 1 1
231 171 241 255 252 254 253 253 253 253 253 253 253 253 253 253 253 253 253 253 253 253 254 254 255 255 255 255 255 255 255 255 255 255 255 255 255 255 255 255 255 255 255 255 255 255 255 255 255 255 255 255 254 254 254 254 255 1 1 0 4 0 3 0 0 0 0 1 0 0 1 255 255 255 255 255 255 255 255 255 255 255 255 255 255 255 255 255 254 255 254 253 255 162 1 1
231 171 241 255 252 254 253 253 253 253 253 253 253 253 253 253 253 253 253 253 253 253 254 254 255 255 255 255 255 255 255 255 255 255 255 255 255 255 255 255 255 255 255 255 255 255 255 255 254 254 254 254 254 254 254 254 249 2 4 0 3 4 0 1 0 0 0 1 0 0 1 255 255 255 255 255 255 255 255 255 255 255 255 255 255 255 255 255 254 255 254 254 255 165 1 1
231 171 241 255 252 254 253 253 253 253 253 253 253 253 253 253 253 253 253 253 253 253 254 254 255 255 255 255 255 255 255 255 255 255 255 255 255 255 255 255 255 255 255 255 255 255 255 255 254 254 254 255 255 255 255 255 255 0 3 7 0 0 1 0 0 0 0 1 0 0 1 255 255 255 255 255 255 255 255 255 255 255 255 255 255 255 255 255 255 254 255 254 255 172 0 1
231 171 241 255 252 254 253 253 253 253 253 253 253 253 253 253 253 253 253 253 253 253 254 254 254 254 254 254 254 254 254 254 255 255 255 255 255 255 255 255 255 255 255 255 255 255 255 255 255 255 255 255 255 255 252 249 253 2 0 8 0 0 7 0 0 0 0 1 0 0 1 255 255 255 255 255 255 255 255 255 255 255 255 255 255 255 255 255 255 253 255 254 253 181 0 1
231 171 241 255 252 254 253 253 253 253 253 253 253 253 253 253 253 253 253 253 253 253 254 254 253 253 253 253 253 253 253 253 255 255 255 255 255 255 255 255 255 255 255 255 255 255 255 255 255 255 254 255 255 251 245 240 165 4 0 0 1 1 0 1 0 0 0 1 0 0 1 255 255 255 255 255 255 255 255 255 255 255 255 255 255 255 255 255 255 252 255 254 252 187 0 1
231 171 241 255 252 254 253 253 253 253 253 253 253 253 253 253 253 253 253 253 253 253 253 253 253 253 253 253 253 253 253 253 253 254 255 255 255 255 255 255 255 255 255 255 255 255 255 255 255 255 255 255 255 253 250 248 220 1 0 0 3 0 2 3 0 0 0 1 0 0 1 255 255 255 255 255 255 255 255 255 255 255 255 255 255 255 255 255 255 255 255 254 255 167 0 1
231 171 241 255 252 254 253 253 253 253 253 253 253 253 253 253 253 253 253 253 253 253 253 253 253 253 253 253 253 253 253 253 253 254 255 255 255 255 255 255 255 255 255 255 255 255 255 255 255 255 255 255 255 254 252 250 242 7 0 0 4 0 2 1 0 0 0 1 0 0 1 255 255 255 255 255 255 255 255 255 255 255 255 255 255 255 255 255 255 255 255 254 255 169 0 1
231 171 241 255 252 254 253 253 253 253 253 253 253 253 253 253 253 253 253 253 253 253 253 253 253 253 253 253 253 253 253 253 253 254 255 255 255 255 255 255 255 255 255 255 255 255 255 255 255 255 255 255 255 255 254 253 255 5 1 0 1 2 0 0 0 0 0 1 0 0 1 255 255 255 255 255 255 255 255 255 255 255 255 255 255 255 255 255 255 255 255 254 255 172 0 1
231 171 241 255 252 254 253 253 253 253 253 253 253 253 253 253 253 253 253 253 253 253 253 253 253 253 253 253 253 253 253 253 253 254 255 255 255 255 255 255 255 255 255 255 255 255 255 255 255 254 254 255 255 255 255 255 253 0 2 0 0 1 0 0 0 0 0 1 0 0 1 255 255 255 255 255 255 255 255 255 255 255 255 255 255 255 255 255 255 255 255 254 255 176 0 1
231 171 241 255 252 254 253 253 253 253 253 253 253 253 253 253 253 253 253 253 253 253 253 253 253 253 253 253 253 253 253 253 253 254 255 255 255 255 255 255 255 255 255 255 255 255 255 255 255 254 254 255 255 254 255 255 253 0 4 3 0 3 0 3 0 0 0 1 0 0 1 255 255 255 255 255 255 255 255 255 255 255 255 255 255 255 255 255 255 255 255 255 254 181 0 1
231 171 241 255 252 254 253 253 253 253 253 253 253 253 253 253 253 253 253 253 253 253 253 253 253 253 253 253 253 253 253 253 253 254 255 255 255 255 255 255 255 255 255 255 255 255 255 255 255 254 254 255 255 253 253 255 255 0 2 1 0 4 0 2 0 0 0 1 0 0 1 255 255 255 255 255 255 255 255 255 255 255 255 255 255 255 255 255 255 254 255 255 254 185 1 0
231 171 241 255 252 254 253 253 253 253 253 253 253 253 253 253 253 253 253 253 253 253 253 253 253 253 253 253 253 253 253 253 253 254 255 255 255 255 255 255 255 255 255 255 255 255 255 255 255 254 254 255 254 251 250 252 255 1 0 0 0 2 0 0 0 0 0 1 0 0 1 255 255 255 255 255 255 255 255 255 255 255 255 255 255 255 255 255 255 254 255 255 254 188 1 0
231 171 241 255 252 254 253 253 253 253 253 253 253 253 253 253 253 253 253 253 253 253 253 253 253 253 253 253 253 253 253 253 253 254 255 255 255 255 255 255 255 255 255 255 255 255 255 255 255 254 254 255 254 249 248 250 251 2 2 1 1 0 0 1 0 0 0 1 0 0 1 255 255 255 255 255 255 255 255 255 255 255 255 255 254 254 254 255 255 254 255 255 254 190 1 0
