ProyectoFinalEquipo1/Piso4/pisoX.asc
NCOLS 800
NROWS 600
XLLCORNER 0
YLLCORNER 0
CELLSIZE 1
NODATA_VALUE -1
[rows 384 to 447 of 599, columns 0 to 95 of 800]
231 171 241 255 252 254 253 253 253 253 253 253 253 253 253 253 253 253 253 253 253 253 253 253 253 253 253 253 253 253 253 253 253 254 254 255 255 255 255 254 255 255 255 255 255 255 255 255 255 252 253 255 253 238 253 236 244 0 1 1 1 0 0 0 0 0 0 1 0 0 1 255 255 255 255 255 255 255 255 255 255 255 255 254 252 253 253 254 254 252 254 254 252 194 0 3
231 171 241 255 252 254 253 253 253 253 253 253 253 253 253 253 253 253 253 253 253 253 253 253 253 253 253 253 253 253 253 253 253 254 254 255 255 255 255 254 255 255 255 255 255 255 255 255 253 255 255 254 251 207 223 254 245 0 1 0 1 0 0 0 0 0 0 1 0 0 1 255 255 255 255 255 255 255 255 255 255 255 255 255 252 251 254 254 254 254 254 253 254 177 3 1
231 171 241 255 252 254 253 253 253 253 253 253 253 253 253 253 253 253 253 253 253 253 253 253 253 253 253 253 253 253 253 253 253 254 254 255 255 255 255 254 255 255 255 255 255 255 255 255 253 255 250 252 255 130 201 248 247 0 1 0 0 0 0 0 0 0 0 1 0 0 1 255 255 255 255 255 255 255 255 255 255 255 254 255 254 252 254 254 254 251 252 253 251 182 1 1
231 171 241 255 252 254 253 253 253 253 253 253 253 253 253 253 253 253 253 253 253 253 253 253 253 253 253 253 253 253 253 253 253 254 254 255 255 255 255 254 255 255 255 255 255 255 255 255 255 255 255 252 253 254 247 255 249 1 1 0 0 0 0 0 0 0 0 1 0 0 1 255 255 255 255 255 255 255 255 255 255 255 254 254 254 254 254 254 254 249 253 254 249 169 0 2
231 171 241 255 252 254 253 253 253 253 253 253 253 253 253 253 253 253 253 253 253 253 253 253 253 253 253 253 253 253 253 253 253 254 254 255 255 255 255 254 255 255 255 255 255 255 255 255 251 251 255 255 249 252 254 249 250 2 1 0 0 0 0 1 0 0 0 1 0 0 1 255 255 255 255 255 255 255 255 255 255 255 254 254 255 254 254 254 253 255 255 253 254 132 6 1
231 171 241 255 252 254 253 253 253 253 253 253 253 253 253 253 253 253 253 253 253 253 253 253 253 253 253 253 253 253 253 253 253 254 254 255 255 255 255 254 255 255 255 255 255 255 255 255 255 255 254 255 254 254 251 251 251 2 1 0 0 0 0 0 0 0 0 1 0 0 1 255 255 255 255 255 255 255 255 255 254 254 255 255 255 254 254 254 253 255 254 253 254 142 1 1
231 171 241 255 252 254 253 253 253 253 253 253 253 253 253 253 253 253 253 253 253 253 253 253 253 253 253 253 253 253 253 253 253 254 254 255 255 255 255 254 255 255 255 255 255 255 255 255 254 250 250 253 254 254 249 255 251 2 1 0 1 1 0 0 0 0 0 1 0 0 1 255 255 255 255 255 255 255 255 254 254 254 255 255 255 253 253 252 254 250 253 254 251 179 1 4
231 171 241 255 252 254 253 253 253 253 253 253 253 253 253 253 253 253 253 253 253 253 253 253 253 253 253 253 253 253 253 253 253 254 254 255 255 255 255 254 255 255 255 255 255 255 255 255 255 251 255 255 251 251 255 250 250 2 1 0 1 1 0 0 0 0 0 1 0 0 1 255 255 255 255 255 255 255 255 254 254 253 254 255 255 253 251 251 251 253 254 253 255 186 2 1
231 171 241 255 252 254 253 253 253 253 253 253 253 253 253 253 253 253 253 253 253 253 253 253 253 253 253 253 253 253 253 253 253 254 254 255 255 255 255 254 255 255 255 255 255 255 255 255 255 255 255 255 254 254 253 252 252 0 0 0 0 0 1 0 1 1 1 0 0 2 0 255 255 251 253 255 253 255 255 254 254 254 255 255 255 254 251 251 254 250 253 252 253 162 9 1
231 171 241 255 252 254 253 253 253 253 253 253 253 253 253 253 253 253 253 253 253 253 253 253 253 253 253 253 253 253 253 253 253 254 254 255 255 255 255 254 255 255 255 255 255 255 255 255 255 255 255 255 254 253 253 252 252 0 0 0 0 0 1 0 0 2 0 6 8 0 4 254 253 255 255 253 255 252 250 255 253 254 254 254 254 253 252 253 252 248 244 243 242 207 21 26
231 171 241 255 252 254 253 253 253 253 253 253 253 253 253 253 253 253 253 253 253 253 253 253 253 253 253 253 253 253 253 253 253 254 254 255 255 255 255 254 255 255 255 255 255 255 255 255 255 255 255 255 254 253 253 252 252 0 0 0 0 0 1 0 3 0 5 1 0 6 0 255 254 255 255 251 252 253 254 255 254 254 254 255 254 253 253 250 246 222 222 222 222 222 222 222
231 171 241 255 252 254 253 253 253 253 253 253 253 253 253 253 253 253 253 253 253 253 253 253 253 253 253 253 253 253 253 253 253 254 254 255 255 255 255 254 255 255 255 255 255 255 255 255 255 255 255 255 254 253 253 252 252 0 0 0 0 0 1 0 1 0 1 0 2 0 3 1 186 171 195 226 213 196 211 230 220 219 219 219 219 219 219 223 220 222 222 222 222 222 222 222
231 171 241 255 252 254 253 253 253 253 253 253 253 253 253 253 253 253 253 253 253 253 253 253 253 253 253 253 253 253 253 253 253 254 254 255 255 255 255 254 255 255 255 255 255 255 255 255 255 255 255 255 254 253 253 252 252 0 0 0 0 0 1 0 0 9 0 6 0 2 0 3 191 152 150 174 171 160 168 176 173 173 172 172 172 172 172 176 222 222 222 222 222 222 222 222
231 171 241 255 252 254 253 253 253 253 253 253 253 253 253 253 253 253 253 253 253 253 253 253 253 253 253 253 253 253 253 253 253 254 254 255 255 255 255 254 255 255 255 255 255 255 255 255 255 255 255 255 254 253 253 252 252 0 0 0 0 0 1 0 5 2 0 0 4 2 0 0 0 3 4 0 0 0 0 1 2 2 0 1 0 0 1 8 30 222 222 222 222 222 222 222
231 171 241 255 252 254 253 253 253 253 253 253 253 253 253 253 253 253 253 253 253 253 253 253 253 253 253 253 253 253 253 253 253 254 254 255 255 255 255 254 255 255 255 255 255 255 255 255 255 255 255 255 254 253 253 252 252 0 0 0 0 0 1 0 0 2 0 9 0 1 5 3 0 2 0 0 4 2 0 3 1 1 2 2 1 2 1 8 25 222 222 222 222 222 222 222
231 171 241 255 252 254 253 253 253 253 253 253 253 253 253 253 253 253 253 253 253 253 253 253 253 253 253 253 253 253 253 253 253 254 254 255 255 255 255 254 255 255 255 255 255 255 255 255 255 255 255 255 254 253 253 252 252 0 0 0 0 0 1 0 0 4 0 0 8 1 0 1 2 0 1 3 0 0 1 0 1 0 1 2 2 1 1 6 27 222 222 222 222 222 222 222
231 171 241 255 252 254 253 253 253 253 253 253 253 253 253 253 253 253 253 253 253 253 253 253 253 253 253 253 253 253 253 253 253 254 254 255 255 255 255 254 255 255 255 255 255 255 255 255 255 255 255 255 254 254 253 252 252 0 0 0 0 0 1 0 0 0 0 0 0 0 0 0 0 0 0 0 0 0 0 0 1 0 0 1 1 0 0 7 25 222 222 222 222 222 222 222
231 171 241 255 252 254 253 253 253 253 253 253 253 253 253 253 253 253 253 253 253 253 253 253 253 253 253 253 253 253 253 253 253 254 254 255 255 255 255 254 255 255 255 255 255 255 255 255 255 255 255 255 254 253 253 252 252 0 0 0 0 0 1 0 0 0 0 0 0 0 0 0 0 0 0 0 0 0 0 0 1 1 0 0 0 0 0 8 25 222 222 222 222 222 222 222
231 171 241 255 252 254 253 253 253 253 253 253 253 253 253 253 253 253 253 253 253 253 253 253 253 253 253 253 253 253 253 253 253 254 254 255 255 255 255 254 255 255 255 255 255 255 255 255 255 255 255 255 254 253 253 252 252 0 0 0 0 0 1 0 0 0 0 0 0 0 0 0 0 0 0 0 0 0 0 0 1 1 0 0 0 0 0 8 25 222 222 222 222 222 222 222
231 171 241 255 252 254 253 253 253 253 253 253 253 253 253 253 253 253 253 253 253 253 253 253 253 253 253 253 253 253 253 253 253 254 254 255 255 255 255 254 255 255 255 255 255 255 255 255 255 255 255 255 254 253 253 252 252 0 0 0 0 0 1 0 0 0 0 0 0 0 0 0 0 0 0 0 0 0 0 0 1 1 0 0 0 0 0 8 25 222 222 222 222 222 222 222
231 171 241 255 252 254 253 253 253 253 253 253 253 253 253 253 253 253 253 253 253 253 253 253 253 253 253 253 253 253 253 253 253 254 254 255 255 255 255 254 255 255 255 255 255 255 255 255 255 255 255 255 254 253 253 252 252 0 0 0 0 0 1 0 0 0 0 0 0 0 0 0 0 0 0 0 0 0 0 0 1 1 0 0 0 0 0 8 25 222 222 222 222 222 222 222
231 171 241 255 252 254 253 253 253 253 253 253 253 253 253 253 253 253 253 253 253 253 253 253 253 253 253 253 253 253 253 253 253 254 254 255 255 255 255 254 255 255 255 255 255 255 255 255 255 255 255 255 254 253 253 252 252 0 0 0 0 0 1 0 0 0 0 0 0 0 0 0 0 0 0 0 0 0 0 0 1 1 0 0 0 0 0 8 25 222 222 222 222 222 222 222
231 171 241 255 252 254 253 253 253 253 253 253 253 253 253 253 253 253 253 253 253 253 253 253 253 253 253 253 253 253 253 253 253 254 254 255 255 255 255 254 255 255 255 255 255 255 255 255 255 255 255 255 254 253 253 252 252 0 0 0 0 0 1 0 0 0 0 0 0 0 0 0 0 0 0 0 0 0 0 0 1 1 0 0 0 0 0 8 25 222 222 222 222 222 222 222
231 171 241 255 252 254 253 253 253 253 253 253 253 253 253 253 253 253 253 253 253 253 253 253 253 253 253 253 253 253 253 253 253 254 254 255 255 255 255 254 255 255 255 255 255 255 255 255 255 255 255 255 254 253 253 252 252 0 0 0 0 0 1 0 0 0 0 0 0 0 0 0 0 0 0 0 0 0 0 0 1 1 0 0 0 0 0 8 25 222 222 222 222 222 222 222
231 171 241 255 252 254 253 253 253 253 253 253 253 253 253 253 253 253 253 253 253 253 253 253 253 253 253 253 253 253 253 253 253 254 254 255 255 255 255 254 255 255 255 255 255 255 255 255 255 255 255 255 254 254 253 252 252 0 0 0 0 0 1 0 0 0 0 0 0 0 0 0 0 0 0 0 0 0 0 0 1 1 0 0 0 0 0 8 25 222 222 222 222 222 222 222
231 171 241 255 252 254 253 253 253 253 253 253 253 253 253 253 253 253 253 253 253 253 253 253 253 253 253 253 253 253 253 253 253 254 254 255 255 255 255 254 255 255 255 255 255 255 255 255 255 255 255 255 254 253 253 252 252 0 0 0 0 0 1 0 0 0 0 0 0 0 0 0 0 0 0 0 0 0 0 0 1 1 0 0 0 0 0 8 25 222 222 222 222 222 222 222
231 171 241 255 252 254 253 253 253 253 253 253 253 253 253 253 253 253 253 253 253 253 253 253 253 253 253 253 253 253 253 253 253 254 254 255 255 255 255 254 255 255 255 255 255 255 255 255 255 255 255 255 254 253 253 252 252 0 0 0 0 0 1 0 0 0 0 0 0 0 0 0 0 0 0 0 0 0 0 0 1 1 0 0 0 0 0 8 25 222 222 222 222 222 222 222
231 171 241 255 252 254 253 253 253 253 253 253 253 253 253 253 253 253 253 253 253 253 253 253 253 253 253 253 253 253 253 253 253 254 254 255 255 255 255 254 255 255 255 255 255 255 255 255 255 255 255 255 254 253 253 252 252 0 0 0 0 0 1 0 0 0 0 0 0 0 0 0 0 0 0 0 0 0 0 0 1 1 0 0 0 0 0 8 25 222 222 222 222 222 222 222
231 171 241 255 252 254 253 253 253 253 253 253 253 253 253 253 253 253 253 253 253 253 253 253 253 253 253 253 253 253 253 253 253 254 254 255 255 255 255 254 255 255 255 255 255 255 255 255 255 255 255 255 254 253 253 252 252 0 0 0 0 0 1 0 0 0 0 0 0 0 0 0 0 0 0 0 0 0 0 0 1 1 0 0 0 0 0 8 25 222 222 222 222 222 222 222
231 171 241 255 252 254 253 253 253 253 253 253 253 253 253 253 253 253 253 253 253 253 253 253 253 253 253 253 253 253 253 253 253 254 254 255 255 255 255 254 255 255 255 255 255 255 255 255 255 255 255 255 254 253 253 252 252 0 0 0 0 0 1 0 0 0 0 0 0 0 0 0 0 0 0 0 0 0 0 0 1 1 0 0 0 0 0 8 25 222 222 222 222 222 222 222
231 171 241 255 252 254 253 253 253 253 253 253 253 253 253 253 253 253 253 253 253 253 253 253 253 253 253 253 253 253 253 253 253 254 254 255 255 255 255 254 255 255 255 255 255 255 255 255 255 255 255 255 254 253 253 252 252 0 0 0 0 0 1 0 0 0 0 0 0 0 0 0 0 0 0 0 0 0 0 0 1 1 0 0 0 0 0 8 25 222 222 222 222 222 222 222
231 171 241 255 252 254 253 253 253 253 253 253 253 253 253 253 253 253 253 253 253 253 253 253 253 253 253 253 253 253 253 253 253 254 254 255 255 255 255 254 255 255 255 255 255 255 255 255 255 255 255 255 254 253 253 252 252 0 0 0 0 0 1 0 0 0 0 0 0 0 0 0 0 0 0 0 0 0 0 1 1 1 0 0 0 0 0 7 25 222 222 222 222 222 222 222
231 171 241 255 252 254 253 253 253 253 253 253 253 253 253 253 253 253 253 253 253 253 253 253 253 253 253 253 253 253 253 253 253 254 254 255 255 255 255 254 255 255 255 255 255 255 255 255 255 255 255 255 254 254 253 252 252 0 0 0 0 0 1 0 0 2 0 3 1 2 3 2 0 0 0 0 0 0 0 0 0 1 0 0 1 1 0 7 25 222 222 222 222 222 222 222
231 171 241 255 252 254 253 253 253 253 253 253 253 253 253 253 253 253 253 253 253 253 253 253 253 253 253 253 253 253 253 253 253 254 254 255 255 255 255 254 255 255 255 255 255 255 255 255 255 255 255 255 254 253 253 252 252 0 0 0 0 0 1 0 0 1 0 1 0 0 251 248 250 250 250 250 250 250 250 250 250 250 250 250 249 249 250 250 243 222 222 222 222 222 222 222
231 171 241 255 252 254 253 253 253 253 253 253 253 253 253 253 253 253 253 253 253 253 253 253 253 253 253 253 253 253 253 253 253 254 254 255 255 255 255 254 255 255 255 255 255 255 255 255 255 255 255 255 254 253 253 252 252 0 0 0 0 0 1 0 0 0 2 1 3 12 245 254 249 249 249 249 249 249 249 249 248 249 249 249 249 249 249 249 244 222 222 222 222 222 222 222
231 171 241 255 252 254 253 253 253 253 253 253 253 253 253 253 253 253 253 253 253 253 253 253 253 253 253 253 253 253 253 253 253 254 254 255 255 255 255 254 255 255 255 255 255 255 255 255 255 255 255 255 254 253 253 252 252 0 0 0 0 0 1 0 0 9 0 3 0 0 250 248 251 251 251 251 251 251 251 250 250 250 251 251 251 251 251 250 245 222 222 222 222 222 222 222
231 171 241 255 252 254 253 253 253 253 253 253 253 253 253 253 253 253 253 253 253 253 253 253 253 253 253 253 253 253 253 253 253 254 254 255 255 255 255 254 255 255 255 255 255 255 255 255 255 255 255 255 254 253 253 252 252 0 0 0 0 0 1 0 6 0 0 0 1 2 254 248 250 250 250 250 250 250 250 249 249 249 250 250 250 250 249 251 246 222 222 222 222 222 222 222
231 171 241 255 252 254 253 253 253 253 253 253 253 253 253 253 253 253 253 253 253 253 253 253 253 253 253 253 253 253 253 253 253 254 254 255 255 255 255 254 255 255 255 255 255 255 255 255 255 255 255 255 254 253 253 252 252 0 0 0 0 0 1 0 0 3 0 6 0 4 245 249 250 250 250 250 250 250 250 249 249 249 250 251 250 250 249 250 251 241 241 240 239 240 240 34
231 171 241 255 252 254 253 253 253 253 253 253 253 253 253 253 253 253 253 253 253 253 253 253 253 253 253 253 253 253 253 253 253 254 254 255 255 255 255 254 255 255 255 255 255 255 255 255 255 255 255 255 254 253 253 252 252 0 0 0 0 0 1 0 7 0 5 0 1 2 252 249 250 250 250 250 250 250 250 250 250 250 251 251 250 249 248 248 247 251 250 248 250 249 247 11
231 171 241 255 252 254 253 253 253 253 253 253 253 253 253 253 253 253 253 253 253 253 253 253 253 253 253 253 253 253 253 253 253 254 254 255 255 255 255 254 255 255 255 255 255 255 255 255 255 255 255 255 254 253 253 252 252 0 0 0 0 0 1 0 0 3 4 0 5 0 249 251 250 250 250 250 250 250 250 250 250 250 250 250 250 250 248 248 250 248 251 254 248 249 253 1
231 171 241 255 252 254 253 253 253 253 253 253 253 253 253 253 253 253 253 253 253 253 253 253 253 253 253 253 253 253 253 253 253 254 254 255 255 255 255 254 255 255 255 255 255 255 255 255 255 255 255 255 254 254 253 252 252 0 0 0 0 0 1 0 0 0 1 0 1 0 251 250 250 250 250 250 250 250 250 250 249 249 250 250 251 250 249 249 249 249 250 250 250 250 251 1
231 171 241 255 252 254 253 253 253 253 253 253 253 253 253 253 253 253 253 253 253 253 253 253 253 253 253 253 253 253 253 253 253 254 254 255 255 255 255 254 255 255 255 255 255 255 255 255 255 255 255 255 254 253 253 252 252 0 0 0 0 0 1 0 0 0 1 0 1 0 251 250 250 250 250 250 250 250 250 250 249 249 250 251 251 250 250 250 250 249 250 250 250 250 251 5
231 171 241 255 252 254 253 253 253 253 253 253 253 253 253 253 253 253 253 253 253 253 253 253 253 253 253 253 253 253 253 253 253 254 254 255 255 255 255 254 255 255 255 255 255 255 255 255 255 255 255 255 254 253 253 252 252 0 0 0 0 0 1 0 0 0 1 0 1 0 251 250 250 250 250 250 250 250 250 250 249 249 250 251 251 251 251 250 250 249 250 251 250 251 252 14
231 171 241 255 252 254 253 253 253 253 253 253 253 253 253 253 253 253 253 253 253 253 253 253 253 253 253 253 253 253 253 253 253 254 254 255 255 255 255 254 255 255 255 255 255 255 255 255 255 255 255 255 254 253 253 252 252 0 0 0 0 0 1 0 0 0 0 0 1 0 251 250 250 250 250 250 250 250 250 250 248 249 250 250 251 251 251 250 250 249 250 250 251 251 251 17
231 171 241 255 252 254 253 253 253 253 253 253 253 253 253 253 253 253 253 253 253 253 253 253 253 253 253 253 253 253 253 253 253 254 254 255 255 255 255 254 255 255 255 255 255 255 255 255 255 255 255 255 254 253 253 252 252 0 0 0 0 0 1 0 0 0 0 0 1 0 251 250 250 250 250 250 250 250 250 249 249 250 250 250 250 250 250 250 250 249 249 249 250 250 251 16
231 171 241 255 252 254 253 253 253 253 253 253 253 253 253 253 253 253 253 253 253 253 253 253 253 253 253 253 253 253 253 253 253 254 254 255 255 255 255 254 255 255 255 255 255 255 255 255 255 255 255 255 254 253 253 252 252 0 0 0 0 0 1 0 0 0 1 0 1 0 251 250 250 250 250 250 250 250 250 250 250 250 250 250 249 249 250 250 250 249 249 248 249 250 250 15
231 171 241 255 252 254 253 253 253 253 253 253 253 253 253 253 253 253 253 253 253 253 253 253 253 253 253 253 253 253 253 253 253 254 254 255 255 255 255 254 255 255 255 255 255 255 255 255 255 255 255 255 254 253 253 252 252 0 0 0 0 0 1 0 0 0 1 0 1 0 251 250 250 250 250 250 250 250 250 250 250 250 250 250 249 249 250 250 250 249 249 249 250 250 250 16
231 171 241 255 252 254 253 253 253 253 253 253 253 253 253 253 253 253 253 253 253 253 253 253 253 253 253 253 253 253 253 253 253 254 254 255 255 255 255 254 255 255 255 255 255 255 255 255 255 255 255 255 254 253 253 252 251 0 0 0 0 0 1 0 1 0 1 0 1 0 251 250 249 249 250 249 250 250 250 250 250 250 250 250 249 249 250 250 250 249 249 250 250 250 251 16
231 171 241 255 252 254 253 253 253 253 253 253 253 253 253 253 253 253 253 253 253 253 253 253 253 253 253 253 253 253 253 253 253 254 254 255 255 255 255 254 255 255 255 255 255 255 255 255 255 255 254 254 254 253 253 251 251 0 2 0 1 1 2 2 2 1 1 0 2 1 250 248 249 249 249 249 250 250 250 250 250 250 250 250 249 249 250 250 250 250 249 251 251 250 251 16
231 171 241 255 252 254 253 253 253 253 253 253 253 253 253 253 253 253 253 253 253 253 253 253 253 253 253 253 253 253 253 253 253 254 254 255 255 255 255 254 255 255 255 255 255 255 255 255 255 255 255 255 254 253 253 251 251 1 2 0 0 1 2 1 2 1 1 1 3 1 249 248 249 249 249 248 249 250 250 250 250 250 250 250 250 250 250 250 250 250 250 251 251 250 251 17
231 171 241 255 252 254 253 253 253 253 253 253 253 253 253 253 253 253 253 253 253 253 253 253 253 253 253 253 253 253 253 253 253 254 254 255 255 255 255 254 255 255 255 255 255 255 255 255 254 254 254 254 254 253 253 252 251 1 2 1 1 1 1 1 1 1 1 1 2 1 250 248 249 249 249 249 250 250 250 250 250 250 250 250 250 250 250 250 250 250 250 251 251 250 251 17
231 171 241 255 252 254 253 253 253 253 253 253 253 253 253 253 253 253 253 253 253 253 253 253 253 253 253 253 253 253 253 253 253 254 254 255 255 255 255 254 255 255 255 255 255 255 255 255 254 254 254 254 254 253 253 252 252 1 2 1 1 1 2 1 1 1 1 1 2 1 250 249 250 250 249 249 249 250 250 250 250 250 250 250 250 250 250 250 250 249 250 251 251 250 251 17
231 171 241 255 252 254 253 253 253 253 253 253 253 253 253 253 253 253 253 253 253 253 253 253 253 253 253 253 253 253 253 253 253 254 254 255 255 255 255 254 255 255 255 255 255 255 255 255 255 255 255 255 254 253 253 253 252 2 3 0 0 1 1 1 1 2 1 1 2 2 251 250 251 251 250 250 250 250 250 250 250 250 250 250 250 250 250 250 250 249 250 251 251 250 251 17
231 171 241 255 252 254 253 253 253 253 253 253 253 253 253 253 253 253 253 253 253 253 253 253 253 253 253 253 253 253 253 253 253 254 254 255 255 255 255 254 255 255 255 255 255 255 255 254 254 254 254 255 254 253 254 252 252 2 2 1 1 1 2 1 1 2 2 1 2 2 251 251 251 251 250 250 249 249 250 250 250 250 250 250 250 250 250 250 250 250 250 251 251 250 251 17
231 171 241 255 252 254 253 253 253 253 253 253 253 253 253 253 253 253 253 253 253 253 253 253 253 253 253 253 253 253 253 253 253 254 254 255 255 255 255 254 255 255 255 255 255 255 255 254 254 254 254 254 254 253 253 252 252 2 2 1 2 2 2 1 1 1 1 0 2 1 251 250 251 250 250 250 249 248 249 250 250 250 250 250 250 250 250 250 250 250 250 251 251 250 251 17
231 171 241 255 252 254 253 253 253 253 253 253 253 253 253 253 253 253 253 253 253 253 253 253 253 253 253 253 253 253 253 253 253 254 254 255 255 255 255 254 255 255 255 255 255 255 255 255 254 254 254 254 254 253 252 252 251 1 2 2 2 3 3 1 1 1 1 1 2 1 250 249 250 250 250 250 249 249 250 250 250 250 250 250 250 250 250 250 250 250 250 251 251 250 251 17
231 171 241 255 252 254 253 253 253 253 253 253 253 253 253 253 253 253 253 253 253 253 253 253 253 253 253 253 253 253 253 253 253 254 254 255 255 255 255 254 255 255 255 255 255 255 255 255 254 254 254 254 254 253 252 251 250 2 2 3 3 4 2 4 0 6 1 1 0 2 246 251 248 250 250 250 250 249 250 250 250 250 250 250 250 250 250 250 250 250 250 251 251 250 251 17
231 171 241 255 252 254 253 253 253 253 253 253 253 253 253 253 253 253 253 253 253 253 253 253 253 253 253 253 253 253 253 253 253 254 254 255 255 255 255 254 255 255 255 255 255 255 255 255 254 254 254 254 254 253 252 251 251 1 5 6 15 17 16 13 14 10 14 8 18 16 243 242 248 249 250 250 250 250 250 250 250 250 250 250 250 250 250 250 250 250 250 251 251 250 251 17
231 171 241 255 252 254 253 253 253 253 253 253 253 253 253 253 253 253 253 253 253 253 253 253 253 253 253 253 253 253 253 253 253 254 254 255 255 255 255 254 255 255 255 255 255 255 255 255 254 254 255 255 254 253 253 251 248 2 10 33 31 38 41 33 41 34 40 40 34 31 253 254 249 249 250 250 249 249 250 250 250 250 250 250 250 250 250 250 250 250 250 251 251 250 251 17
231 171 241 255 252 254 253 253 253 253 253 253 253 253 253 253 253 253 253 253 253 253 253 253 253 253 253 253 253 253 253 253 253 254 254 255 255 255 255 254 255 255 255 255 255 255 255 255 255 255 254 255 254 253 253 251 252 2 12 188 222 222 222 222 222 222 222 222 222 222 249 245 250 250 250 250 250 249 249 250 250 250 250 250 250 250 250 250 250 249 250 251 251 250 251 17
231 171 241 255 252 254 253 253 253 253 253 253 253 253 253 253 253 253 253 253 253 253 253 253 253 253 253 253 253 253 253 253 253 254 254 255 255 255 255 254 255 255 255 255 255 255 255 255 254 254 252 253 254 253 253 252 255 6 23 222 222 222 222 222 222 222 222 222 222 222 243 253 250 250 251 250 249 249 249 250 250 250 250 250 250 250 250 250 250 249 250 251 251 250 251 17
231 171 241 255 252 254 253 253 253 253 253 253 253 253 253 253 253 253 253 253 253 253 253 253 253 253 253 253 253 253 253 253 253 254 254 255 255 255 255 254 255 255 255 255 255 255 255 255 254 254 252 252 253 253 253 252 249 8 30 222 222 222 222 222 222 222 222 222 222 222 247 248 250 250 250 250 250 249 249 249 250 250 250 250 250 250 250 250 250 250 250 251 251 250 251 17
231 171 241 255 252 254 253 253 253 253 253 253 253 253 253 253 253 253 253 253 253 253 253 253 253 253 253 253 253 253 253 253 253 254 254 255 255 255 255 254 255 255 255 255 255 255 255 255 255 255 254 254 254 253 253 251 255 8 28 222 222 222 222 222 222 222 222 222 222 222 246 252 250 249 250 250 251 250 250 250 250 250 250 250 250 250 250 250 250 250 250 251 251 250 251 17
231 171 241 255 252 254 253 253 253 253 253 253 253 253 253 253 253 253 253 253 253 253 253 253 253 253 253 253 253 253 253 253 253 254 254 255 255 255 255 254 255 255 255 255 255 255 255 255 254 255 254 254 254 253 253 251 248 13 26 222 222 222 222 222 222 222 222 222 222 222 247 245 249 249 250 250 250 250 250 249 250 250 250 250 250 250 250 250 250 250 250 251 251 250 251 16
